addr             stamp    chksum nslots flag type         frptr frcnt next     prev
2:1077           203201   1df5   3      801  DATA         3636  444   0        0       
	slot ptr   len   flg
	1    24    1204  0  
	2    1228  1204  0  
	3    2432  1204  0  
slot   1:
    0:  0  0  0  4 42 6c 61 68 20 47 75 79 20 20 20 20   ....Blah Guy    
   16: 20 20 20 20 20 20 20 20 20 20 20 20 20 20 20 20                   
   32: 20 20 20 20 20 20 20 20 20 20 20 20 20 20 20 20                   
   48: 20 20 20 20 20 20 20 20 20 20 20 20 20 20 20 20                   
   64: 20 20 20 20 20 20 20 20 20 20 20 20 20 20 20 20                   
   80: 20 20 20 20 20 20 20 20 20 20 20 20 20 20 20 20                   
   96: 20 20 20 20 20 20 20 20 20 20 20 20 20 20 20 20                   
  112: 20 20 20 20 20 20 20 20 20 20 20 20 20 20 20 20                   
  128: 20 20 20 20 20 20 20 20 20 20 20 20 20 20 20 20                   
  144: 20 20 20 20 20 20 20 20 20 20 20 20 20 20 20 20                   
  160: 20 20 20 20 20 20 20 20 20 20 20 20 20 20 20 20                   
  176: 20 20 20 20 20 20 20 20 20 20 20 20 20 20 20 20                   
  192: 20 20 20 20 20 20 20 20 20 20 20 20 20 20 20 20                   
  208: 20 20 20 20 20 20 20 20 20 20 20 20 20 20 20 20                   
  224: 20 20 20 20 20 20 20 20 20 20 20 20 20 20 20 20                   
  240: 20 20 20 20 20 20 20 20 20 20 20 20 20 20 20 20                   
  256: 20 20 20 20 20 20 20 20 20 20 20 20 20 20 20 20                   
  272: 20 20 20 20 20 20 20 20 20 20 20 20 20 20 20 20                   
  288: 20 20 20 20 20 20 20 20 20 20 20 20 20 20 20 20                   
  304: 20 20 20 20 20 20 20 20 20 20 20 20 20 20 20 20                   
  320: 20 20 20 20 20 20 20 20 20 20 20 20 20 20 20 20                   
  336: 20 20 20 20 20 20 20 20 20 20 20 20 20 20 20 20                   
  352: 20 20 20 20 20 20 20 20 20 20 20 20 20 20 20 20                   
  368: 20 20 20 20 20 20 20 20 20 20 20 20 20 20 20 20                   
  384: 20 20 20 20 20 20 20 20 20 20 20 20 20 20 20 20                   
  400: 20 20 20 20 20 20 20 20 20 20 20 20 20 20 20 20                   
  416: 20 20 20 20 20 20 20 20 20 20 20 20 20 20 20 20                   
  432: 20 20 20 20 20 20 20 20 20 20 20 20 20 20 20 20                   
  448: 20 20 20 20 20 20 20 20 20 20 20 20 20 20 20 20                   
  464: 20 20 20 20 20 20 20 20 20 20 20 20 20 20 20 20                   
  480: 20 20 20 20 20 20 20 20 20 20 20 20 20 20 20 20                   
  496: 20 20 20 20 20 20 20 20 20 20 20 20 20 20 20 20                   
  512: 20 20 20 20 20 20 20 20 20 20 20 20 20 20 20 20                   
  528: 20 20 20 20 20 20 20 20 20 20 20 20 20 20 20 20                   
  544: 20 20 20 20 20 20 20 20 20 20 20 20 20 20 20 20                   
  560: 20 20 20 20 20 20 20 20 20 20 20 20 20 20 20 20                   
  576: 20 20 20 20 20 20 20 20 20 20 20 20 20 20 20 20                   
  592: 20 20 20 20 20 20 20 20 20 20 20 20 20 20 20 20                   
  608: 20 20 20 20 20 20 20 20 20 20 20 20 20 20 20 20                   
  624: 20 20 20 20 20 20 20 20 20 20 20 20 20 20 20 20                   
  640: 20 20 20 20 20 20 20 20 20 20 20 20 20 20 20 20                   
  656: 20 20 20 20 20 20 20 20 20 20 20 20 20 20 20 20                   
  672: 20 20 20 20 20 20 20 20 20 20 20 20 20 20 20 20                   
  688: 20 20 20 20 20 20 20 20 20 20 20 20 20 20 20 20                   
  704: 20 20 20 20 20 20 20 20 20 20 20 20 20 20 20 20                   
  720: 20 20 20 20 20 20 20 20 20 20 20 20 20 20 20 20                   
  736: 20 20 20 20 20 20 20 20 20 20 20 20 20 20 20 20                   
  752: 20 20 20 20 20 20 20 20 20 20 20 20 20 20 20 20                   
  768: 20 20 20 20 20 20 20 20 20 20 20 20 20 20 20 20                   
  784: 20 20 20 20 20 20 20 20 20 20 20 20 20 20 20 20                   
  800: 20 20 20 20 20 20 20 20 20 20 20 20 20 20 20 20                   
  816: 20 20 20 20 20 20 20 20 20 20 20 20 20 20 20 20                   
  832: 20 20 20 20 20 20 20 20 20 20 20 20 20 20 20 20                   
  848: 20 20 20 20 20 20 20 20 20 20 20 20 20 20 20 20                   
  864: 20 20 20 20 20 20 20 20 20 20 20 20 20 20 20 20                   
  880: 20 20 20 20 20 20 20 20 20 20 20 20 20 20 20 20                   
  896: 20 20 20 20 20 20 20 20 20 20 20 20 20 20 20 20                   
  912: 20 20 20 20 20 20 20 20 20 20 20 20 20 20 20 20                   
  928: 20 20 20 20 20 20 20 20 20 20 20 20 20 20 20 20                   
  944: 20 20 20 20 20 20 20 20 20 20 20 20 20 20 20 20                   
  960: 20 20 20 20 20 20 20 20 20 20 20 20 20 20 20 20                   
  976: 20 20 20 20 20 20 20 20 20 20 20 20 20 20 20 20                   
  992: 20 20 20 20 20 20 20 20 20 20 20 20 20 20 20 20                   
 1008: 20 20 20 20 20 20 20 20 20 20 20 20 20 20 20 20                   
 1024: 20 20 20 20 20 20 20 20 20 20 20 20 20 20 20 20                   
 1040: 20 20 20 20 20 20 20 20 20 20 20 20 20 20 20 20                   
 1056: 20 20 20 20 20 20 20 20 20 20 20 20 20 20 20 20                   
 1072: 20 20 20 20 20 20 20 20 20 20 20 20 20 20 20 20                   
 1088: 20 20 20 20 20 20 20 20 20 20 20 20 20 20 20 20                   
 1104: 20 20 20 20 20 20 20 20 20 20 20 20 20 20 20 20                   
 1120: 20 20 20 20 20 20 20 20 20 20 20 20 20 20 20 20                   
 1136: 20 20 20 20 20 20 20 20 20 20 20 20 20 20 20 20                   
 1152: 20 20 20 20 20 20 20 20 20 20 20 20 20 20 20 20                   
 1168: 20 20 20 20 20 20 20 20 20 20 20 20 20 20 20 20                   
 1184: 20 20 20 20 20 20 20 20 20 20 20 20 20 20 20 20                   
 1200: 20 20 20 20                                           ............
slot   2:
    0:  0  0  0  5 42 6c 61 68 20 47 75 79 20 20 20 20   ....Blah Guy    
   16: 20 20 20 20 20 20 20 20 20 20 20 20 20 20 20 20                   
   32: 20 20 20 20 20 20 20 20 20 20 20 20 20 20 20 20                   
   48: 20 20 20 20 20 20 20 20 20 20 20 20 20 20 20 20                   
   64: 20 20 20 20 20 20 20 20 20 20 20 20 20 20 20 20                   
   80: 20 20 20 20 20 20 20 20 20 20 20 20 20 20 20 20                   
   96: 20 20 20 20 20 20 20 20 20 20 20 20 20 20 20 20                   
  112: 20 20 20 20 20 20 20 20 20 20 20 20 20 20 20 20                   
  128: 20 20 20 20 20 20 20 20 20 20 20 20 20 20 20 20                   
  144: 20 20 20 20 20 20 20 20 20 20 20 20 20 20 20 20                   
  160: 20 20 20 20 20 20 20 20 20 20 20 20 20 20 20 20                   
  176: 20 20 20 20 20 20 20 20 20 20 20 20 20 20 20 20                   
  192: 20 20 20 20 20 20 20 20 20 20 20 20 20 20 20 20                   
  208: 20 20 20 20 20 20 20 20 20 20 20 20 20 20 20 20                   
  224: 20 20 20 20 20 20 20 20 20 20 20 20 20 20 20 20                   
  240: 20 20 20 20 20 20 20 20 20 20 20 20 20 20 20 20                   
  256: 20 20 20 20 20 20 20 20 20 20 20 20 20 20 20 20                   
  272: 20 20 20 20 20 20 20 20 20 20 20 20 20 20 20 20                   
  288: 20 20 20 20 20 20 20 20 20 20 20 20 20 20 20 20                   
  304: 20 20 20 20 20 20 20 20 20 20 20 20 20 20 20 20                   
  320: 20 20 20 20 20 20 20 20 20 20 20 20 20 20 20 20                   
  336: 20 20 20 20 20 20 20 20 20 20 20 20 20 20 20 20                   
  352: 20 20 20 20 20 20 20 20 20 20 20 20 20 20 20 20                   
  368: 20 20 20 20 20 20 20 20 20 20 20 20 20 20 20 20                   
  384: 20 20 20 20 20 20 20 20 20 20 20 20 20 20 20 20                   
  400: 20 20 20 20 20 20 20 20 20 20 20 20 20 20 20 20                   
  416: 20 20 20 20 20 20 20 20 20 20 20 20 20 20 20 20                   
  432: 20 20 20 20 20 20 20 20 20 20 20 20 20 20 20 20                   
  448: 20 20 20 20 20 20 20 20 20 20 20 20 20 20 20 20                   
  464: 20 20 20 20 20 20 20 20 20 20 20 20 20 20 20 20                   
  480: 20 20 20 20 20 20 20 20 20 20 20 20 20 20 20 20                   
  496: 20 20 20 20 20 20 20 20 20 20 20 20 20 20 20 20                   
  512: 20 20 20 20 20 20 20 20 20 20 20 20 20 20 20 20                   
  528: 20 20 20 20 20 20 20 20 20 20 20 20 20 20 20 20                   
  544: 20 20 20 20 20 20 20 20 20 20 20 20 20 20 20 20                   
  560: 20 20 20 20 20 20 20 20 20 20 20 20 20 20 20 20                   
  576: 20 20 20 20 20 20 20 20 20 20 20 20 20 20 20 20                   
  592: 20 20 20 20 20 20 20 20 20 20 20 20 20 20 20 20                   
  608: 20 20 20 20 20 20 20 20 20 20 20 20 20 20 20 20                   
  624: 20 20 20 20 20 20 20 20 20 20 20 20 20 20 20 20                   
  640: 20 20 20 20 20 20 20 20 20 20 20 20 20 20 20 20                   
  656: 20 20 20 20 20 20 20 20 20 20 20 20 20 20 20 20                   
  672: 20 20 20 20 20 20 20 20 20 20 20 20 20 20 20 20                   
  688: 20 20 20 20 20 20 20 20 20 20 20 20 20 20 20 20                   
  704: 20 20 20 20 20 20 20 20 20 20 20 20 20 20 20 20                   
  720: 20 20 20 20 20 20 20 20 20 20 20 20 20 20 20 20                   
  736: 20 20 20 20 20 20 20 20 20 20 20 20 20 20 20 20                   
  752: 20 20 20 20 20 20 20 20 20 20 20 20 20 20 20 20                   
  768: 20 20 20 20 20 20 20 20 20 20 20 20 20 20 20 20                   
  784: 20 20 20 20 20 20 20 20 20 20 20 20 20 20 20 20                   
  800: 20 20 20 20 20 20 20 20 20 20 20 20 20 20 20 20                   
  816: 20 20 20 20 20 20 20 20 20 20 20 20 20 20 20 20                   
  832: 20 20 20 20 20 20 20 20 20 20 20 20 20 20 20 20                   
  848: 20 20 20 20 20 20 20 20 20 20 20 20 20 20 20 20                   
  864: 20 20 20 20 20 20 20 20 20 20 20 20 20 20 20 20                   
  880: 20 20 20 20 20 20 20 20 20 20 20 20 20 20 20 20                   
  896: 20 20 20 20 20 20 20 20 20 20 20 20 20 20 20 20                   
  912: 20 20 20 20 20 20 20 20 20 20 20 20 20 20 20 20                   
  928: 20 20 20 20 20 20 20 20 20 20 20 20 20 20 20 20                   
  944: 20 20 20 20 20 20 20 20 20 20 20 20 20 20 20 20                   
  960: 20 20 20 20 20 20 20 20 20 20 20 20 20 20 20 20                   
  976: 20 20 20 20 20 20 20 20 20 20 20 20 20 20 20 20                   
  992: 20 20 20 20 20 20 20 20 20 20 20 20 20 20 20 20                   
 1008: 20 20 20 20 20 20 20 20 20 20 20 20 20 20 20 20                   
 1024: 20 20 20 20 20 20 20 20 20 20 20 20 20 20 20 20                   
 1040: 20 20 20 20 20 20 20 20 20 20 20 20 20 20 20 20                   
 1056: 20 20 20 20 20 20 20 20 20 20 20 20 20 20 20 20                   
 1072: 20 20 20 20 20 20 20 20 20 20 20 20 20 20 20 20                   
 1088: 20 20 20 20 20 20 20 20 20 20 20 20 20 20 20 20                   
 1104: 20 20 20 20 20 20 20 20 20 20 20 20 20 20 20 20                   
 1120: 20 20 20 20 20 20 20 20 20 20 20 20 20 20 20 20                   
 1136: 20 20 20 20 20 20 20 20 20 20 20 20 20 20 20 20                   
 1152: 20 20 20 20 20 20 20 20 20 20 20 20 20 20 20 20                   
 1168: 20 20 20 20 20 20 20 20 20 20 20 20 20 20 20 20                   
 1184: 20 20 20 20 20 20 20 20 20 20 20 20 20 20 20 20                   
 1200: 20 20 20 20                                           ............
slot   3:
    0:  0  0  0  6 42 6c 61 68 20 47 75 79 20 20 20 20   ....Blah Guy    
   16: 20 20 20 20 20 20 20 20 20 20 20 20 20 20 20 20                   
   32: 20 20 20 20 20 20 20 20 20 20 20 20 20 20 20 20                   
   48: 20 20 20 20 20 20 20 20 20 20 20 20 20 20 20 20                   
   64: 20 20 20 20 20 20 20 20 20 20 20 20 20 20 20 20                   
   80: 20 20 20 20 20 20 20 20 20 20 20 20 20 20 20 20                   
   96: 20 20 20 20 20 20 20 20 20 20 20 20 20 20 20 20                   
  112: 20 20 20 20 20 20 20 20 20 20 20 20 20 20 20 20                   
  128: 20 20 20 20 20 20 20 20 20 20 20 20 20 20 20 20                   
  144: 20 20 20 20 20 20 20 20 20 20 20 20 20 20 20 20                   
  160: 20 20 20 20 20 20 20 20 20 20 20 20 20 20 20 20                   
  176: 20 20 20 20 20 20 20 20 20 20 20 20 20 20 20 20                   
  192: 20 20 20 20 20 20 20 20 20 20 20 20 20 20 20 20                   
  208: 20 20 20 20 20 20 20 20 20 20 20 20 20 20 20 20                   
  224: 20 20 20 20 20 20 20 20 20 20 20 20 20 20 20 20                   
  240: 20 20 20 20 20 20 20 20 20 20 20 20 20 20 20 20                   
  256: 20 20 20 20 20 20 20 20 20 20 20 20 20 20 20 20                   
  272: 20 20 20 20 20 20 20 20 20 20 20 20 20 20 20 20                   
  288: 20 20 20 20 20 20 20 20 20 20 20 20 20 20 20 20                   
  304: 20 20 20 20 20 20 20 20 20 20 20 20 20 20 20 20                   
  320: 20 20 20 20 20 20 20 20 20 20 20 20 20 20 20 20                   
  336: 20 20 20 20 20 20 20 20 20 20 20 20 20 20 20 20                   
  352: 20 20 20 20 20 20 20 20 20 20 20 20 20 20 20 20                   
  368: 20 20 20 20 20 20 20 20 20 20 20 20 20 20 20 20                   
  384: 20 20 20 20 20 20 20 20 20 20 20 20 20 20 20 20                   
  400: 20 20 20 20 20 20 20 20 20 20 20 20 20 20 20 20                   
  416: 20 20 20 20 20 20 20 20 20 20 20 20 20 20 20 20                   
  432: 20 20 20 20 20 20 20 20 20 20 20 20 20 20 20 20                   
  448: 20 20 20 20 20 20 20 20 20 20 20 20 20 20 20 20                   
  464: 20 20 20 20 20 20 20 20 20 20 20 20 20 20 20 20                   
  480: 20 20 20 20 20 20 20 20 20 20 20 20 20 20 20 20                   
  496: 20 20 20 20 20 20 20 20 20 20 20 20 20 20 20 20                   
  512: 20 20 20 20 20 20 20 20 20 20 20 20 20 20 20 20                   
  528: 20 20 20 20 20 20 20 20 20 20 20 20 20 20 20 20                   
  544: 20 20 20 20 20 20 20 20 20 20 20 20 20 20 20 20                   
  560: 20 20 20 20 20 20 20 20 20 20 20 20 20 20 20 20                   
  576: 20 20 20 20 20 20 20 20 20 20 20 20 20 20 20 20                   
  592: 20 20 20 20 20 20 20 20 20 20 20 20 20 20 20 20                   
  608: 20 20 20 20 20 20 20 20 20 20 20 20 20 20 20 20                   
  624: 20 20 20 20 20 20 20 20 20 20 20 20 20 20 20 20                   
  640: 20 20 20 20 20 20 20 20 20 20 20 20 20 20 20 20                   
  656: 20 20 20 20 20 20 20 20 20 20 20 20 20 20 20 20                   
  672: 20 20 20 20 20 20 20 20 20 20 20 20 20 20 20 20                   
  688: 20 20 20 20 20 20 20 20 20 20 20 20 20 20 20 20                   
  704: 20 20 20 20 20 20 20 20 20 20 20 20 20 20 20 20                   
  720: 20 20 20 20 20 20 20 20 20 20 20 20 20 20 20 20                   
  736: 20 20 20 20 20 20 20 20 20 20 20 20 20 20 20 20                   
  752: 20 20 20 20 20 20 20 20 20 20 20 20 20 20 20 20                   
  768: 20 20 20 20 20 20 20 20 20 20 20 20 20 20 20 20                   
  784: 20 20 20 20 20 20 20 20 20 20 20 20 20 20 20 20                   
  800: 20 20 20 20 20 20 20 20 20 20 20 20 20 20 20 20                   
  816: 20 20 20 20 20 20 20 20 20 20 20 20 20 20 20 20                   
  832: 20 20 20 20 20 20 20 20 20 20 20 20 20 20 20 20                   
  848: 20 20 20 20 20 20 20 20 20 20 20 20 20 20 20 20                   
  864: 20 20 20 20 20 20 20 20 20 20 20 20 20 20 20 20                   
  880: 20 20 20 20 20 20 20 20 20 20 20 20 20 20 20 20                   
  896: 20 20 20 20 20 20 20 20 20 20 20 20 20 20 20 20                   
  912: 20 20 20 20 20 20 20 20 20 20 20 20 20 20 20 20                   
  928: 20 20 20 20 20 20 20 20 20 20 20 20 20 20 20 20                   
  944: 20 20 20 20 20 20 20 20 20 20 20 20 20 20 20 20                   
  960: 20 20 20 20 20 20 20 20 20 20 20 20 20 20 20 20                   
  976: 20 20 20 20 20 20 20 20 20 20 20 20 20 20 20 20                   
  992: 20 20 20 20 20 20 20 20 20 20 20 20 20 20 20 20                   
 1008: 20 20 20 20 20 20 20 20 20 20 20 20 20 20 20 20                   
 1024: 20 20 20 20 20 20 20 20 20 20 20 20 20 20 20 20                   
 1040: 20 20 20 20 20 20 20 20 20 20 20 20 20 20 20 20                   
 1056: 20 20 20 20 20 20 20 20 20 20 20 20 20 20 20 20                   
 1072: 20 20 20 20 20 20 20 20 20 20 20 20 20 20 20 20                   
 1088: 20 20 20 20 20 20 20 20 20 20 20 20 20 20 20 20                   
 1104: 20 20 20 20 20 20 20 20 20 20 20 20 20 20 20 20                   
 1120: 20 20 20 20 20 20 20 20 20 20 20 20 20 20 20 20                   
 1136: 20 20 20 20 20 20 20 20 20 20 20 20 20 20 20 20                   
 1152: 20 20 20 20 20 20 20 20 20 20 20 20 20 20 20 20                   
 1168: 20 20 20 20 20 20 20 20 20 20 20 20 20 20 20 20                   
 1184: 20 20 20 20 20 20 20 20 20 20 20 20 20 20 20 20                   
 1200: 20 20 20 20                                           ............
