addr             stamp    chksum nslots flag type         frptr frcnt next     prev
2:11450          364701   bc20   1      801  DATA         2428  1660  0        0       
	slot ptr   len   flg
	1    24    2404  0  
slot   1:
    0:  0  0  0  7 57 61 74 65 72 6d 65 6c 6f 6e 20 20   ....Watermelon  
   16: 20 20 20 20 20 20 20 20 20 20 20 20 20 20 20 20                   
   32: 20 20 20 20 20 20 20 20 20 20 20 20 20 20 20 20                   
   48: 20 20 20 20 20 20 20 20 20 20 20 20 20 20 20 20                   
   64: 20 20 20 20 20 20 20 20 20 20 20 20 20 20 20 20                   
   80: 20 20 20 20 20 20 20 20 20 20 20 20 20 20 20 20                   
   96: 20 20 20 20 20 20 20 20 20 20 20 20 20 20 20 20                   
  112: 20 20 20 20 20 20 20 20 20 20 20 20 20 20 20 20                   
  128: 20 20 20 20 20 20 20 20 20 20 20 20 20 20 20 20                   
  144: 20 20 20 20 20 20 20 20 20 20 20 20 20 20 20 20                   
  160: 20 20 20 20 20 20 20 20 20 20 20 20 20 20 20 20                   
  176: 20 20 20 20 20 20 20 20 20 20 20 20 20 20 20 20                   
  192: 20 20 20 20 20 20 20 20 20 20 20 20 20 20 20 20                   
  208: 20 20 20 20 20 20 20 20 20 20 20 20 20 20 20 20                   
  224: 20 20 20 20 20 20 20 20 20 20 20 20 20 20 20 20                   
  240: 20 20 20 20 20 20 20 20 20 20 20 20 20 20 20 20                   
  256: 20 20 20 20 20 20 20 20 20 20 20 20 20 20 20 20                   
  272: 20 20 20 20 20 20 20 20 20 20 20 20 20 20 20 20                   
  288: 20 20 20 20 20 20 20 20 20 20 20 20 20 20 20 20                   
  304: 20 20 20 20 20 20 20 20 20 20 20 20 20 20 20 20                   
  320: 20 20 20 20 20 20 20 20 20 20 20 20 20 20 20 20                   
  336: 20 20 20 20 20 20 20 20 20 20 20 20 20 20 20 20                   
  352: 20 20 20 20 20 20 20 20 20 20 20 20 20 20 20 20                   
  368: 20 20 20 20 20 20 20 20 20 20 20 20 20 20 20 20                   
  384: 20 20 20 20 20 20 20 20 20 20 20 20 20 20 20 20                   
  400: 20 20 20 20 20 20 20 20 20 20 20 20 20 20 20 20                   
  416: 20 20 20 20 20 20 20 20 20 20 20 20 20 20 20 20                   
  432: 20 20 20 20 20 20 20 20 20 20 20 20 20 20 20 20                   
  448: 20 20 20 20 20 20 20 20 20 20 20 20 20 20 20 20                   
  464: 20 20 20 20 20 20 20 20 20 20 20 20 20 20 20 20                   
  480: 20 20 20 20 20 20 20 20 20 20 20 20 20 20 20 20                   
  496: 20 20 20 20 20 20 20 20 20 20 20 20 20 20 20 20                   
  512: 20 20 20 20 20 20 20 20 20 20 20 20 20 20 20 20                   
  528: 20 20 20 20 20 20 20 20 20 20 20 20 20 20 20 20                   
  544: 20 20 20 20 20 20 20 20 20 20 20 20 20 20 20 20                   
  560: 20 20 20 20 20 20 20 20 20 20 20 20 20 20 20 20                   
  576: 20 20 20 20 20 20 20 20 20 20 20 20 20 20 20 20                   
  592: 20 20 20 20 20 20 20 20 20 20 20 20 20 20 20 20                   
  608: 20 20 20 20 20 20 20 20 20 20 20 20 20 20 20 20                   
  624: 20 20 20 20 20 20 20 20 20 20 20 20 20 20 20 20                   
  640: 20 20 20 20 20 20 20 20 20 20 20 20 20 20 20 20                   
  656: 20 20 20 20 20 20 20 20 20 20 20 20 20 20 20 20                   
  672: 20 20 20 20 20 20 20 20 20 20 20 20 20 20 20 20                   
  688: 20 20 20 20 20 20 20 20 20 20 20 20 20 20 20 20                   
  704: 20 20 20 20 20 20 20 20 20 20 20 20 20 20 20 20                   
  720: 20 20 20 20 20 20 20 20 20 20 20 20 20 20 20 20                   
  736: 20 20 20 20 20 20 20 20 20 20 20 20 20 20 20 20                   
  752: 20 20 20 20 20 20 20 20 20 20 20 20 20 20 20 20                   
  768: 20 20 20 20 20 20 20 20 20 20 20 20 20 20 20 20                   
  784: 20 20 20 20 20 20 20 20 20 20 20 20 20 20 20 20                   
  800: 20 20 20 20 20 20 20 20 20 20 20 20 20 20 20 20                   
  816: 20 20 20 20 20 20 20 20 20 20 20 20 20 20 20 20                   
  832: 20 20 20 20 20 20 20 20 20 20 20 20 20 20 20 20                   
  848: 20 20 20 20 20 20 20 20 20 20 20 20 20 20 20 20                   
  864: 20 20 20 20 20 20 20 20 20 20 20 20 20 20 20 20                   
  880: 20 20 20 20 20 20 20 20 20 20 20 20 20 20 20 20                   
  896: 20 20 20 20 20 20 20 20 20 20 20 20 20 20 20 20                   
  912: 20 20 20 20 20 20 20 20 20 20 20 20 20 20 20 20                   
  928: 20 20 20 20 20 20 20 20 20 20 20 20 20 20 20 20                   
  944: 20 20 20 20 20 20 20 20 20 20 20 20 20 20 20 20                   
  960: 20 20 20 20 20 20 20 20 20 20 20 20 20 20 20 20                   
  976: 20 20 20 20 20 20 20 20 20 20 20 20 20 20 20 20                   
  992: 20 20 20 20 20 20 20 20 20 20 20 20 20 20 20 20                   
 1008: 20 20 20 20 20 20 20 20 20 20 20 20 20 20 20 20                   
 1024: 20 20 20 20 20 20 20 20 20 20 20 20 20 20 20 20                   
 1040: 20 20 20 20 20 20 20 20 20 20 20 20 20 20 20 20                   
 1056: 20 20 20 20 20 20 20 20 20 20 20 20 20 20 20 20                   
 1072: 20 20 20 20 20 20 20 20 20 20 20 20 20 20 20 20                   
 1088: 20 20 20 20 20 20 20 20 20 20 20 20 20 20 20 20                   
 1104: 20 20 20 20 20 20 20 20 20 20 20 20 20 20 20 20                   
 1120: 20 20 20 20 20 20 20 20 20 20 20 20 20 20 20 20                   
 1136: 20 20 20 20 20 20 20 20 20 20 20 20 20 20 20 20                   
 1152: 20 20 20 20 20 20 20 20 20 20 20 20 20 20 20 20                   
 1168: 20 20 20 20 20 20 20 20 20 20 20 20 20 20 20 20                   
 1184: 20 20 20 20 20 20 20 20 20 20 20 20 20 20 20 20                   
 1200: 20 20 20 20 20 20 20 20 20 20 20 20 20 20 20 20                   
 1216: 20 20 20 20 20 20 20 20 20 20 20 20 20 20 20 20                   
 1232: 20 20 20 20 20 20 20 20 20 20 20 20 20 20 20 20                   
 1248: 20 20 20 20 20 20 20 20 20 20 20 20 20 20 20 20                   
 1264: 20 20 20 20 20 20 20 20 20 20 20 20 20 20 20 20                   
 1280: 20 20 20 20 20 20 20 20 20 20 20 20 20 20 20 20                   
 1296: 20 20 20 20 20 20 20 20 20 20 20 20 20 20 20 20                   
 1312: 20 20 20 20 20 20 20 20 20 20 20 20 20 20 20 20                   
 1328: 20 20 20 20 20 20 20 20 20 20 20 20 20 20 20 20                   
 1344: 20 20 20 20 20 20 20 20 20 20 20 20 20 20 20 20                   
 1360: 20 20 20 20 20 20 20 20 20 20 20 20 20 20 20 20                   
 1376: 20 20 20 20 20 20 20 20 20 20 20 20 20 20 20 20                   
 1392: 20 20 20 20 20 20 20 20 20 20 20 20 20 20 20 20                   
 1408: 20 20 20 20 20 20 20 20 20 20 20 20 20 20 20 20                   
 1424: 20 20 20 20 20 20 20 20 20 20 20 20 20 20 20 20                   
 1440: 20 20 20 20 20 20 20 20 20 20 20 20 20 20 20 20                   
 1456: 20 20 20 20 20 20 20 20 20 20 20 20 20 20 20 20                   
 1472: 20 20 20 20 20 20 20 20 20 20 20 20 20 20 20 20                   
 1488: 20 20 20 20 20 20 20 20 20 20 20 20 20 20 20 20                   
 1504: 20 20 20 20 20 20 20 20 20 20 20 20 20 20 20 20                   
 1520: 20 20 20 20 20 20 20 20 20 20 20 20 20 20 20 20                   
 1536: 20 20 20 20 20 20 20 20 20 20 20 20 20 20 20 20                   
 1552: 20 20 20 20 20 20 20 20 20 20 20 20 20 20 20 20                   
 1568: 20 20 20 20 20 20 20 20 20 20 20 20 20 20 20 20                   
 1584: 20 20 20 20 20 20 20 20 20 20 20 20 20 20 20 20                   
 1600: 20 20 20 20 20 20 20 20 20 20 20 20 20 20 20 20                   
 1616: 20 20 20 20 20 20 20 20 20 20 20 20 20 20 20 20                   
 1632: 20 20 20 20 20 20 20 20 20 20 20 20 20 20 20 20                   
 1648: 20 20 20 20 20 20 20 20 20 20 20 20 20 20 20 20                   
 1664: 20 20 20 20 20 20 20 20 20 20 20 20 20 20 20 20                   
 1680: 20 20 20 20 20 20 20 20 20 20 20 20 20 20 20 20                   
 1696: 20 20 20 20 20 20 20 20 20 20 20 20 20 20 20 20                   
 1712: 20 20 20 20 20 20 20 20 20 20 20 20 20 20 20 20                   
 1728: 20 20 20 20 20 20 20 20 20 20 20 20 20 20 20 20                   
 1744: 20 20 20 20 20 20 20 20 20 20 20 20 20 20 20 20                   
 1760: 20 20 20 20 20 20 20 20 20 20 20 20 20 20 20 20                   
 1776: 20 20 20 20 20 20 20 20 20 20 20 20 20 20 20 20                   
 1792: 20 20 20 20 20 20 20 20 20 20 20 20 20 20 20 20                   
 1808: 20 20 20 20 20 20 20 20 20 20 20 20 20 20 20 20                   
 1824: 20 20 20 20 20 20 20 20 20 20 20 20 20 20 20 20                   
 1840: 20 20 20 20 20 20 20 20 20 20 20 20 20 20 20 20                   
 1856: 20 20 20 20 20 20 20 20 20 20 20 20 20 20 20 20                   
 1872: 20 20 20 20 20 20 20 20 20 20 20 20 20 20 20 20                   
 1888: 20 20 20 20 20 20 20 20 20 20 20 20 20 20 20 20                   
 1904: 20 20 20 20 20 20 20 20 20 20 20 20 20 20 20 20                   
 1920: 20 20 20 20 20 20 20 20 20 20 20 20 20 20 20 20                   
 1936: 20 20 20 20 20 20 20 20 20 20 20 20 20 20 20 20                   
 1952: 20 20 20 20 20 20 20 20 20 20 20 20 20 20 20 20                   
 1968: 20 20 20 20 20 20 20 20 20 20 20 20 20 20 20 20                   
 1984: 20 20 20 20 20 20 20 20 20 20 20 20 20 20 20 20                   
 2000: 20 20 20 20 20 20 20 20 20 20 20 20 20 20 20 20                   
 2016: 20 20 20 20 20 20 20 20 20 20 20 20 20 20 20 20                   
 2032: 20 20 20 20 20 20 20 20 20 20 20 20 20 20 20 20                   
 2048: 20 20 20 20 20 20 20 20 20 20 20 20 20 20 20 20                   
 2064: 20 20 20 20 20 20 20 20 20 20 20 20 20 20 20 20                   
 2080: 20 20 20 20 20 20 20 20 20 20 20 20 20 20 20 20                   
 2096: 20 20 20 20 20 20 20 20 20 20 20 20 20 20 20 20                   
 2112: 20 20 20 20 20 20 20 20 20 20 20 20 20 20 20 20                   
 2128: 20 20 20 20 20 20 20 20 20 20 20 20 20 20 20 20                   
 2144: 20 20 20 20 20 20 20 20 20 20 20 20 20 20 20 20                   
 2160: 20 20 20 20 20 20 20 20 20 20 20 20 20 20 20 20                   
 2176: 20 20 20 20 20 20 20 20 20 20 20 20 20 20 20 20                   
 2192: 20 20 20 20 20 20 20 20 20 20 20 20 20 20 20 20                   
 2208: 20 20 20 20 20 20 20 20 20 20 20 20 20 20 20 20                   
 2224: 20 20 20 20 20 20 20 20 20 20 20 20 20 20 20 20                   
 2240: 20 20 20 20 20 20 20 20 20 20 20 20 20 20 20 20                   
 2256: 20 20 20 20 20 20 20 20 20 20 20 20 20 20 20 20                   
 2272: 20 20 20 20 20 20 20 20 20 20 20 20 20 20 20 20                   
 2288: 20 20 20 20 20 20 20 20 20 20 20 20 20 20 20 20                   
 2304: 20 20 20 20 20 20 20 20 20 20 20 20 20 20 20 20                   
 2320: 20 20 20 20 20 20 20 20 20 20 20 20 20 20 20 20                   
 2336: 20 20 20 20 20 20 20 20 20 20 20 20 20 20 20 20                   
 2352: 20 20 20 20 20 20 20 20 20 20 20 20 20 20 20 20                   
 2368: 20 20 20 20 20 20 20 20 20 20 20 20 20 20 20 20                   
 2384: 20 20 20 20 20 20 20 20 20 20 20 20 20 20 20 20                   
 2400: 20 20 20 20                                           ............
